function  [ red_rec green_rec blue_rec ] = problem2a()
%UNTITLED Summary of this function goes here
%   Detailed explanation goes here
    
    red_rec = [191 147 3530 3011];
    green_rec = [3370 119 3530 3011];
    blue_rec = [6522 109 3530 3011];
    
    %rImage = image(191:3202,147:3674);
    %gImage = image(3370:6381,119:3646);
    %bImage = image(6522:9533,109:3636);
    

    
end
































